colsample_bytree: 0.5673960159030922
learning_rate: 0.02280647543938272
max_depth: 6
min_child_samples: 17
num_leaves: 64
reg_alpha: 3.441721376193107
reg_lambda: 1.710834070720233
subsample: 0.7647469315402096
